p 1 a 1290 1373 1462 1552 1636 1720 1806 1891 1974 2063 2153 2237 2321 2407 2492 2575 2664 2754 2838 2922 3008 3093 3176 3265 3355 3439 3523 3609 3694 3777 3866 3956 4040 4124
p 2 a 4083 4130 4150 4170 4190 4201
p 3 a 4113 4120 4134 4164 4181 4197
p 4 a 2406 2421 2435 2516 2535 2559 2568 2587 2598 2615 2640 2676 2713 2732 2752 2837 2921 3006 3092 3130 3145 3161 3195 3216 3241 3277 3314 3333 3353 3438 3522 3607 3693 3731 3746 3762 3796 3817 3842 3878 3915 3934 3954 4039 4123
p 5 a 4103 4112 4138 4147 4161 4175 4189 4198
p 6 a 2100 2112 2131 2151 2236 2320 2405 2491 2529 2544 2560 2594 2633 2650 2690 2711 2735 2750 2766 2782 2863 2882 2960 2974 2993 3007 3022 3036 3117 3136 3160 3169 3188 3199 3234 3251 3291 3312 3336 3351 3367 3383 3464 3483 3508 3529 3549 3569 3589 3600 3627 3643 3657 3678 3718 3737 3761 3770 3789 3800 3879 3890 3910 3928 4005 4022 4056 4063 4135 4143 4158 4169 4187 4193 4203
p 7 a 3877 3886 3901 3961 3974 3987 4000 4045 4072 4093 4105 4114 4125 4148 4168 4189
p 8 a 1805 1820 1834 1915 1934 1958 1967 1986 1997 2014 2039 2075 2136 2178 2198 2280 2327 2347 2367 2387 2398 2431 2449 2534 2547 2564 2576 2600 2621 2645 2696 2717 2730 2777 2795 2851 2868 2946 2966 2995 3009 3026 3042 3056 3077 3149 3164 3201 3222 3246 3297 3318 3331 3378 3396 3452 3469 3547 3567 3596 3610 3627 4174 4187 4193
p 9 a 1830 1848 1933 1946 1963 1975 1999 2020 2089 2110 2134 2149 2165 2181 2262 2281 2306 2928 2948 2968 2988 2999
p 10 a 1575
p 11 a 1803
p 12 a 1570
p 13 a 271
p 14 a 1297
p 15 a 2438
p 16 a 2261
p 17 a 4092
p 18 a 1434
